Got connection
00000000000000000000000000
00000000000000000000000000
00000000000000000000000000
00000000000000000000000000
00000000000000000000000000
00000000000000000000000000
00000000000000000000000000
00000000000000000000000000
00000000000000000000000000
00000000000000000000000000
00000010000000000000000000
00000110000100000000000000
00001111000000000000000000
00011111100000000000000000
11111111000000000000000000
11111110000000000000000000
11111110000000000000000000
11111110000000000000000000
00011110000000000000000000
00001110000000000000000000
00000110000000000000000000
00000010000000000000000000
00000000000000000000000000
00000000000000000000000000
00000000000000000000000000
00000000000000000000000000
00000000000000000000000000
INT

00010000000000011000000000
00000011000000000000000000
00000011000000000000000000
00000110000000000000000000
00000110000000000000000000
00000110000000000000000000
00000100000000000000000000
00000100000000000000000000
00001100000000000000000000
00001110000000000000000000
00111100000000000000000000
00111110000000000000000000
00111111000000000000000000
01111111100000000000000000
11111111000000000000000000
11111110000000000000000000
11111110000000000000000000
11111110000000000000000000
01111110000000000000000000
00111110000000000000000000
00111110000000000000000000
00111100000000000000000000
00110000000000000000000000
00110000000000000000000000
00110000000000000000000000
00110000000000000000000000
00110000000000000000000000
INT

00000000000000000000000000
00000000000000000000000000
00000000000000000000000000
00000000000000000000000000
00000000000000000000000000
00000000000000000000000000
00000000000000000000000000
00000000000000000000000000
00000000000000000000000000
00000000000000000000000000
00000010000000000000000000
00000110000100000000000000
00001111000000000000000000
00011111100000000000000000
11111111000000000000000000
11111110000000000000000000
11111110000000000000000000
11111110000000000000000000
00011110000000000000000000
00001110000000000000000000
00000110000000000000000000
00000010000000000000000000
00000000000000000000000000
00000000000000000000000000
00000000000000000000000000
00000000000000000000000000
00000000000000000000000000
INT

00010000000000011000000000
00000011000000000000000000
00000011000000000000000000
00000110000000000000000000
00000110000000000000000000
00000110000000000000000000
00000100000000000000000000
00000100000000000000000000
00001100000000000000000000
00001110000000000000000000
00111100000000000000000000
00111110000000000000000000
00111111000000000000000000
01111111100000000000000000
11111111000000000000000000
11111110000000000000000000
11111110000000000000000000
11111110000000000000000000
01111110000000000000000000
00111110000000000000000000
00111110000000000000000000
00111100000000000000000000
00110000000000000000000000
00110000000000000000000000
00110000000000000000000000
00110000000000000000000000
00110000000000000000000000
INT

00000000000000000000000000
00000000000000000000000000
00000000000000000000000000
00000000000000000000000000
00000000000000000000000000
00000000000000000000000000
00000000000000000000000000
00000000000000000000000000
00000000000000000000000000
00000000000000000000000000
00000010000000000000000000
00000110000100000000000000
00001111000000000000000000
00011111100000000000000000
11111111000000000000000000
11111110000000000000000000
11111110000000000000000000
11111110000000000000000000
00011110000000000000000000
00001110000000000000000000
00000110000000000000000000
00000010000000000000000000
00000000000000000000000000
00000000000000000000000000
00000000000000000000000000
00000000000000000000000000
00000000000000000000000000
INT

00010000000000011000000000
00000011000000000000000000
00000011000000000000000000
00000110000000000000000000
00000110000000000000000000
00000110000000000000000000
00000100000000000000000000
00000100000000000000000000
00001100000000000000000000
00001110000000000000000000
00111100000000000000000000
00111110000000000000000000
00111111000000000000000000
01111111100000000000000000
11111111000000000000000000
11111110000000000000000000
11111110000000000000000000
11111110000000000000000000
01111110000000000000000000
00111110000000000000000000
00111110000000000000000000
00111100000000000000000000
00110000000000000000000000
00110000000000000000000000
00110000000000000000000000
00110000000000000000000000
00110000000000000000000000
INT

00011000000000001000000000
00000001100000000000000000
00000001000000000000000000
00000011000000000000000000
00000010000000000000000000
00000010000000000000000000
00000100000000000000000000
00000110000000000000000000
00000100000000000000000000
00001110000000000000000000
00111110000000000000000000
01111110000000000000000000
01111110000000000000000000
01111111100000000000000000
01111111100000000000000000
01111110000000000000000000
11111110000000000000000000
11111110000000000000000000
00111110000000000000000000
00111100000000000000000000
00111110000000000000000000
00111100000000000000000000
00110000000000000000000000
00110000000000000000000000
00110000000000000000000000
00110000000000000000000000
00110000000000000000000000
INT

00010000000000011000000000
00000011000000000000000000
00000011000000000000000000
00000110000000000000000000
00000110000000000000000000
00000110000000000000000000
00000100000000000000000000
00000100000000000000000000
00001100000000000000000000
00001110000000000000000000
00111100000000000000000000
00111110000000000000000000
00111111000000000000000000
01111111100000000000000000
11111111000000000000000000
11111110000000000000000000
11111110000000000000000000
11111110000000000000000000
01111110000000000000000000
00111110000000000000000000
00111110000000000000000000
00111100000000000000000000
00110000000000000000000000
00110000000000000000000000
00110000000000000000000000
00110000000000000000000000
00110000000000000000000000
INT

01110000000000010000000000
00011110000000000000000000
00011100000000000000000000
00001100000000000000000000
00001100000000000000000000
00001100000000000000000000
00001100000000000000000000
00001100000000000000000000
00001100000000000000000000
00001100000000000000000000
00111100001000000000000000
01111100010000000000000000
01111111100000000000000000
01111111000000000000000000
01111110000000000000000000
11111110000000000000000000
11111110000000000000000000
01111110000000000000000000
01111110000000000000000000
01111100000000000000000000
01111100000000000000000000
00111100000000000000000000
01110000000000000000000000
00100000000000000000000000
00100000000000000000000000
00100000000000000000000000
00100000000000000000000000
INT

00010000000000011000000000
00000011000000000000000000
00000011000000000000000000
00000110000000000000000000
00000110000000000000000000
00000110000000000000000000
00000100000000000000000000
00000100000000000000000000
00001100000000000000000000
00001110000000000000000000
00111100000000000000000000
00111110000000000000000000
00111111000000000000000000
01111111100000000000000000
11111111000000000000000000
11111110000000000000000000
11111110000000000000000000
11111110000000000000000000
01111110000000000000000000
00111110000000000000000000
00111110000000000000000000
00111100000000000000000000
00110000000000000000000000
00110000000000000000000000
00110000000000000000000000
00110000000000000000000000
00110000000000000000000000
INT

01110000000000010000000000
00011110000000000000000000
00011100000000000000000000
00001100000000000000000000
00001100000000000000000000
00001100000000000000000000
00001100000000000000000000
00001100000000000000000000
00001100000000000000000000
00001100000000000000000000
00111100001000000000000000
01111100010000000000000000
01111111100000000000000000
01111111000000000000000000
01111110000000000000000000
11111110000000000000000000
11111110000000000000000000
01111110000000000000000000
01111110000000000000000000
01111100000000000000000000
01111100000000000000000000
00111100000000000000000000
01110000000000000000000000
00100000000000000000000000
00100000000000000000000000
00100000000000000000000000
00100000000000000000000000
INT

00010000000000011000000000
00000011000000000000000000
00000011000000000000000000
00000110000000000000000000
00000110000000000000000000
00000110000000000000000000
00000100000000000000000000
00000100000000000000000000
00001100000000000000000000
00001110000000000000000000
00111100000000000000000000
00111110000000000000000000
00111111000000000000000000
01111111100000000000000000
11111111000000000000000000
11111110000000000000000000
11111110000000000000000000
11111110000000000000000000
01111110000000000000000000
00111110000000000000000000
00111110000000000000000000
00111100000000000000000000
00110000000000000000000000
00110000000000000000000000
00110000000000000000000000
00110000000000000000000000
00110000000000000000000000
INT

01110000000000010000000000
00011110000000000000000000
00011100000000000000000000
00001100000000000000000000
00001100000000000000000000
00001100000000000000000000
00001100000000000000000000
00001100000000000000000000
00001100000000000000000000
00001100000000000000000000
00111100001000000000000000
01111100010000000000000000
01111111100000000000000000
01111111000000000000000000
01111110000000000000000000
11111110000000000000000000
11111110000000000000000000
01111110000000000000000000
01111110000000000000000000
01111100000000000000000000
01111100000000000000000000
00111100000000000000000000
01110000000000000000000000
00100000000000000000000000
00100000000000000000000000
00100000000000000000000000
00100000000000000000000000
INT

00010000000000011000000000
00000011000000000000000000
00000011000000000000000000
00000110000000000000000000
00000110000000000000000000
00000110000000000000000000
00000100000000000000000000
00000100000000000000000000
00001100000000000000000000
00001110000000000000000000
00111100000000000000000000
00111110000000000000000000
00111111000000000000000000
01111111100000000000000000
11111111000000000000000000
11111110000000000000000000
11111110000000000000000000
11111110000000000000000000
01111110000000000000000000
00111110000000000000000000
00111110000000000000000000
00111100000000000000000000
00110000000000000000000000
00110000000000000000000000
00110000000000000000000000
00110000000000000000000000
00110000000000000000000000
INT

00110000000000011000000000
00000110000000000000000000
00000110000000000000000000
00000110000000000000000000
00000110000000000000000000
00000100000000000000000000
00000100000000000000000000
00001100000000000000000000
00001100000000000000000000
00001100000000000000000000
00111100001000000000000000
00111110010000000000000000
00111111100000000000000000
00111111000000000000000000
11111110000000000000000000
11111110000000000000000000
01111110000000000000000000
01111110000000000000000000
01111110000000000000000000
01111110000000000000000000
01111110000000000000000000
00111110000000000000000000
00110000000000000000000000
00110000000000000000000000
00110000000000000000000000
00111000000000000000000000
00110000000000000000000000
INT

00010000000000011000000000
00000011000000000000000000
00000011000000000000000000
00000110000000000000000000
00000110000000000000000000
00000110000000000000000000
00000100000000000000000000
00000100000000000000000000
00001100000000000000000000
00001110000000000000000000
00111100000000000000000000
00111110000000000000000000
00111111000000000000000000
01111111100000000000000000
11111111000000000000000000
11111110000000000000000000
11111110000000000000000000
11111110000000000000000000
01111110000000000000000000
00111110000000000000000000
00111110000000000000000000
00111100000000000000000000
00110000000000000000000000
00110000000000000000000000
00110000000000000000000000
00110000000000000000000000
00110000000000000000000000
INT

00110000000000011000000000
00000110000000000000000000
00000110000000000000000000
00000110000000000000000000
00000110000000000000000000
00000100000000000000000000
00000100000000000000000000
00001100000000000000000000
00001100000000000000000000
00001100000000000000000000
00111100001000000000000000
00111110010000000000000000
00111111100000000000000000
00111111000000000000000000
11111110000000000000000000
11111110000000000000000000
01111110000000000000000000
01111110000000000000000000
01111110000000000000000000
01111110000000000000000000
01111110000000000000000000
00111110000000000000000000
00110000000000000000000000
00110000000000000000000000
00110000000000000000000000
00111000000000000000000000
00110000000000000000000000
INT

00010000000000011000000000
00000011000000000000000000
00000011000000000000000000
00000110000000000000000000
00000110000000000000000000
00000110000000000000000000
00000100000000000000000000
00000100000000000000000000
00001100000000000000000000
00001110000000000000000000
00111100000000000000000000
00111110000000000000000000
00111111000000000000000000
01111111100000000000000000
11111111000000000000000000
11111110000000000000000000
11111110000000000000000000
11111110000000000000000000
01111110000000000000000000
00111110000000000000000000
00111110000000000000000000
00111100000000000000000000
00110000000000000000000000
00110000000000000000000000
00110000000000000000000000
00110000000000000000000000
00110000000000000000000000
INT

00000000000000000000000000
00000000000000000000000000
00000000000000000000000000
00000000000000000000000000
00000000000000000000000000
00000000000000000000000000
00000000000000000000000000
00000000000000000000000000
00000000000000000000000000
00000000000000000000000000
00000010000000000000000000
00000110000100000000000000
00001111000000000000000000
00011111100000000000000000
11111111000000000000000000
11111110000000000000000000
11111110000000000000000000
11111110000000000000000000
00011110000000000000000000
00001110000000000000000000
00000110000000000000000000
00000010000000000000000000
00000000000000000000000000
00000000000000000000000000
00000000000000000000000000
00000000000000000000000000
00000000000000000000000000
INT